
This is a raw data capture converted in to decimal ASCII text. It shows the
binary data broken out in to frames to help describe what the format of the
binary data looks like and how it is parsed.

085 170 000 023 005 030 022 056 000 085 170 002 
|   |   |   |   |   |   |   |   |   |   |   |________ every 2 minutes
|   |   |   |   |   |   |   |   |   |________________ 0x55 0xAA
|   |   |   |   |   |   |   |   |____________________ Seconds
|   |   |   |   |   |   |   |________________________ Minutes
|   |   |   |   |   |   |____________________________ Hours
|   |   |   |   |   |________________________________ Day
|   |   |   |   |____________________________________ Month
|   |   |   |________________________________________ Year
|   |   |____________________________________________ Timestamp code
|____________________________________________________ 0x55 0xAA


012 016 016 018 024 022 016 016 019 020 
022 027 018 013 020 026 019 015 019 011 
013 012 017 022 018 019 023 019 018 021 
018 018 015 019 017 027 020 017 023 019 
020 018 012 025 021 019 016 025 022 022 
017 018 024 013 025 019 022 024 022         <--- 59 minutes of CPM data

085 170 000 023 005 030 023 055 043 085 170 002 
Timestamp

021 024 017 016 018 022 019 016 016 020 
018 024 024 018 019 016 013 022 023 020 
019 024 024 015 018 024 021 020 023 017 
022 023 017 017 020 016 023 022 026 006 
026 023 020 027 017 022 020 021 026 022 
016 013 020 006 023 016 021 022 009 018     <-- 60 minutes of CPM data

085 170 000 023 005 031 000 055 052 085 170 002 
Timestamp

017 024 018 023 025 021 023 022 018 020 
015 016 014 028 018 015 023 017 016 027 
016 022 017 020 015 015 020 014 017 023 
028 024 023 018 018 012 012 021 019 027 
012 017 023 021 018 019 028 029 023 025 
022 020 027 019 025 019 019 017 025 027     <-- 60 minutes of CPM data   

085 170 000 023 005 031 001 056 000 085 170 002 
Timestapm

028 019 018 016 028 026 017 025 017 021 
016 017 020 019 024 027 017 027 015 016 
011 017 018 022 019 014 028 019 018 021 
026 025 015 018 024 019 024 024 022 021 
021 023 018 021 022 025 022 019 017 017 
016 027 022 019 020 009 011 016 028 015     <-- 60 minutes of CPM data

085 170 000 023 005 031 002 056 007 085 170 002 
Timestamp

016 022 012 016 020 022 018 025 024 025 
024 017 023 015 022 026 016 024 021 017 
027 022 022 020 024 027 021 021 016 023 
018 029 013 023 014 019 011 019 016 025 
022 014 013 020 018 020 019 025 018 024 
025 022 017 021 029 028 022 022 024 027     <-- 60 minutes of CPM data

085 170 000 023 005 031 003 056 014 085 170 002 
Timestamp

023 014 028 023 020 021 018 025 021 020
017 023 017 020 020 012 018 014 022 016 
023 022 026 024 023 018 019 023 019 019 
019 022 014 014 020 031 013 019 018 021 
029 020 021 021 020 021 019 022 022 029 
018 019 020 018 015 025 028 021 022 013     <-- 60 minutes of CPM data

085 170 000 023 005 031 004 056 021 085 170 002 
Timestamp

015 015 021 026 023 016 020 025 025 015 
018 015 019 026 016 025 020 022 011 015 
019 012 018 017 020 017 015 028 020 018 
031 022 025 016 022 019 023 027 022 028 
015 018 018 024 020 020 017 027 016 026 
019 015 021 019 021 020 021 021 014 023     <-- 60 minutes of CPM data

085 170 000 023 005 031 005 056 028 085 170 002 
Timestamp

022 016 014 015 009 016 028 026 018 027 
023 026 017 013 018 017 028 023 014 024 
027 017 019 021 024 013 016 019 018 023 
026 021 015 019 022 020 022 023 024 019 
013 012 017 019 019 025 016 023 025 019 
016 014 011 010 023 011 016 019 020 019 

085 170 000 023 005 031 006 056 035 085 170 002 
Timestamp

028 021 019 014 016 015 014 020 034 015 
021 020 018 020 021 019 014 028 016 012 
012 018 019 015 027 019 020 022 016 027 
023 015 021 018 012 012 016 011 018 025 
026 022 020 016 019 017 020 023 021 024 
017 024 010 020 018 023 021 020 009 027 

085 170 000 023 005 031 007 056 042 085 170 002 
Timestamp

021 020 017 021 023 029 019 021 021 019 
017 021 021 016 024 018 026 023 023 020 
019 028 018 029 016 018 021 019 021 010 
017 026 018 022 020 014 017 018 023 021 
027 012 016 024 021 025 019 025 023 017 
017 017 024 013 015 015 025 009 027 022 

085 170 000 023 005 031 008 056 049 085 170 002 
Timestamp

021 018 025 016 025 025 027 015 022 020 
027 019 021 021 018 020 020 015 018 019 
019 013 021 019 014 022 018 023 022 011 
014 020 024 022 019 018 024 016 026 019 
017 027 025 017 016 027 026 023 018 031 
017 024 019 024 012 020 020 023 014 024 

085 170 000 023 005 031 009 056 056 085 170 002 
Timestamp

023 013 014 022 020 015 022 021 020 024 
018 024 027 022 021 020 027 024 011 021 
017 025 019 019 021 022 014 016 016 020 
024 021 016 012 030 017 025 024 021 025 
009 024 015 019 024 026 018 018 023 020 
021 022 022 018 028 023 028 024 022 016 

085 170 000 023 005 031 010 057 003 085 170 002 
Timestamp

017 020 014 017 016 020 018 017 015 011 
024 018 020 020 018 022 024 018 013 021 
016 025 026 016 032 022 019 019 018 016 
018 023 021 020 020 023 027 021 018 016 
024 028 018 014 017 015 020 019 029 025 
018 022 022 021 016 025 020 021 027 019 

085 170 000 023 005 031 011 057 010 085 170 002 
Timestamp

016 022 020 018 020 024 019 013 022 025 
019 012 012 017 023 010 025 018 019 023 
012 021 025 020 023 021 025 017 023 026 
031 022 020 017 022 021 018 018 015 019 
013 017 022 021 016 017 020 022 020 022 
014 027 020 019 020 016 026 021 025 017 

085 170 000 023 005 031 012 057 017 085 170 002 
Timestamp

015 017 029 020 022 015 021 019 028 020 
031 022 020 021 021 024 023 023 021 022 
025 017 013 028 023 017 019 017 014 022 
018 030 028 020 013 012 018 015 034 017 
025 015 015 020 017 022 009 016 019 023 
025 015 021 017 009 014 016 014 019 020 

085 170 000 023 005 031 013 057 023 085 170 002 
Timestapm

021 015 021 013 019 016 018 023 026 019 
025 018 023 017 026 020 015 022 019 024 
021 017 013 018 028 027 018 017 024 018 
018 025 021 021 030 018 025 027 016 018 
027 024 016 013 025 022 031 015 017 018 
016 018 015 019 017 020 016 023 035 027 

085 170 000 023 005 031 014 057 030 085 170 002 
Timestamp

020 014 019 025 021 021 023 019 018 020 
034 024 017 022 019 013 020 021 016 020 
014 027 024 022 021 020 024 026 018 020 
026 030 028 020 024 020 016 019 015 025 
017 027 025 027 021 016 017 025 014 022 
029 013 024 022 022 019 016 023 025 026 

085 170 000 023 005 031 015 057 038 085 170 002 
Timestamp

022 018 023 020 015 018 017 019 026 024 
016 023 018 020 018 020 015 016 012 021 
019 024 023 013 012 019 021 019 017 021 
021 014 024 027 026 020 023 022 020 028 
024 025 020 013 024 017 023 026 020 021 
026 021 017 026 021 015 021 028 022 025 

085 170 000 023 005 031 016 057 045 085 170 002 
Timestamp

016 020 022 021 017 023 019 019 017 020 
019 024 026 022 026 022 023 017 017 019 
016 022 019 021 016 017 023 021 017 022 
018 018 018 015 017 014 022 019 018 021 
026 017 012 021 017 009 023 021 010 024 
030 024 019 020 021 016 011 019 023 015 

085 170 000 023 005 031 017 057 052 085 170 002 
Timestamp

017 009 017 018 027 022 018 021 017 028 
019 022 018 021 024 015 017 013 018 016 
023 024 017 027 019 016 023 021 018 023 
025 015 027 018 027 022 019 016 025 010 
016 024 021 020 015 014 018 017 017 024 
011 020 020 014 023 020 022 028 019 018 

085 170 000 023 005 031 018 057 059 085 170 002 
Timestamp

016 013 020 032 014 015 021 019 015 027 
026 013 018 019 015 022 024 027 018 018 
012 018 018 027 015 018 024 019 016 017 
015 013 018 019 024 018 015 023 015 026 
023 017 015 017 018 021 020 017 020 016 
017 021 020 014 019 017 017 024 020 023 

085 170 000 023 005 031 019 058 006 085 170 002 
Timestamp

020 020 020 022 022 019 017 020 027 028 
020 017 015 020 024 020 016 017 023 015 
021 018 029 014 022 027 019 021 015 025 
016 015 014 021 027 017 019 017 017 020 
015 015 019 012 020 018 021 019 017 017 
024 017 025 019 022 021 010 015 018 019 

085 170 000 023 005 031 020 058 013 085 170 002 
Timestamp

018 020 018 011 019 021 019 017 021 016 
020 025 026 018 022 019 017 023 014 029 
017 016 019 018 012 020 025 032 017 014 
030 019 022 019 017 020 019 018 019 017 
031 028 020 014 024 020 014 019 021 022 
018 014 017 029 020 013 015 024 018 024 

085 170 000 023 005 031 021 058 019 085 170 002 
Timestamp

022 020 030 025 015 016 016 018 012 016 
016 016 015 021 014 020 017 013 023 018 
022 030 015 015 031 026 018 019 021 018 
022 022 012 027 012 032 022 023 024 018 
025 027 017 016 022 022 019 016 030 017 
022 025 021 019 026 021 020 023 017 022 

085 170 000 023 005 031 022 058 020 085 170 002 
Timestamp

085 170 002 009 070 082 069 068 045 068 065 084 065 
|   |   |   |   |_______________________________________ ASCII text = FRED-DATA
|   |   |   |___________________________________________ Number of ASCII text bytes that follow
|   |   |_______________________________________________ ASCII Label code
|_______________________________________________________ 0x55 0xAA

085 170 000 023 005 031 022 058 032 085 170 002 
Tiestamp

085 170 002 009 070 082 069 068 045 068 065 084 065 
|   |   |   |   |_______________________________________ ASCII text = FRED-DATA
|   |   |   |___________________________________________ Number of ASCII text bytes that follow
|   |   |_______________________________________________ ASCII Label code
|_______________________________________________________ 0x55 0xAA

021 025             <-- 2 minutres of CPM data


255 255 255 255 255 255 255 255 255 255 255 255 255 
255 255 255 255 255 255 255 255 255 255 255 255 255 255 255 255 
255 255 255 255 255 255 255 255 255 255 255 255 255 255 255 255 
255 255 255 255 255 255 255 255 255 255 255 255 255 255 255 255 
255 255 255 255 255 255 255 255 255 255 255 255 255 255 255 255 

255 continues until we have 65536 octets of raw data
